-1.317826944797535598e-08 -1.317826944797534440e-08 6.475174078122408849e-09
1.417319696846184707e-08 1.417319696846184211e-08 -5.663671832225968081e-09
-1.084282715249247737e-08 -1.084282715249247572e-08 4.601489359833588261e-09
9.842531103602500883e-09 9.842531103602499229e-09 -3.696340488459324398e-09
-7.034544064417301511e-09 -7.034544064417296548e-09 2.763225440235505904e-09
6.427358454780014072e-09 6.427358454780002492e-09 -1.449261245172594214e-09
-5.770943756721839524e-09 -5.770943756721832079e-09 2.202106576699728052e-09
7.815281550342843617e-09 7.815281550342822110e-09 -1.977441173890310439e-09
-7.876551745639732673e-09 -7.876551745639731019e-09 2.894671106354513789e-09
1.029531830820183435e-08 1.029531830820179795e-08 -2.585349174700362215e-09
-1.142676282943676480e-08 -1.142676282943676149e-08 3.594762453591853612e-09
