1.021638915832752610e-08 -1.030341353453293021e-08 -3.531157365430709825e-09
-4.020847398707538797e-09 4.353941281782818523e-09 1.916529213410872013e-09
-2.885464947157891692e-10 9.995953027115957510e-10 9.766772390397898141e-10
4.877027449801665327e-09 -5.224572175173787496e-09 -2.237199705496769435e-09
-7.742725378637741784e-09 6.783419705495044394e-09 3.589432514314097097e-09
8.927983618614216061e-09 -9.482465729886347902e-09 -3.837796500369673471e-09
-1.045880985852604603e-08 8.533348130267117143e-09 4.224589424212763950e-09
1.024079101871997745e-08 -9.844726585858366735e-09 -3.903751148377049968e-09
-9.833739627376402926e-09 6.850130019333374201e-09 3.543521085945131146e-09
7.738804253153335233e-09 -6.800845679545833931e-09 -2.522840774451330878e-09
-3.790959370580927076e-09 3.277035614349745147e-09 1.880732085806412652e-09
-5.342210680402476422e-08 3.815535603981207656e-10 1.703544118838963836e-08
1.523378746153789092e-08 6.014388291153545326e-10 -2.201698202680471539e-09
2.620477613928133010e-08 -1.290524713725443323e-09 -2.288089236072430678e-09
-4.975527183323523206e-08 1.545037311167443407e-10 1.155261350250425804e-08
5.264897461287634902e-08 -2.584496289196947558e-10 -1.020047671982233296e-08
-2.810500675614242208e-08 2.221888599642437981e-09 8.504666851046634510e-09
-9.118664568467171369e-09 3.819055956296571712e-10 1.709588560938465856e-09
5.115461867820596107e-08 2.919356975631335165e-10 -8.485415305156939653e-09
-4.952560744294016999e-08 5.218462074590465184e-10 1.133023794663848535e-08
1.188660014526678643e-08 -1.383440921225588738e-09 -2.513281106897595019e-09
5.838582214173393076e-08 2.895899560413296246e-09 -1.085946100085721839e-08
-1.317826944797535598e-08 -1.317826944797534440e-08 6.475174078122408849e-09
1.417319696846184707e-08 1.417319696846184211e-08 -5.663671832225968081e-09
-1.084282715249247737e-08 -1.084282715249247572e-08 4.601489359833588261e-09
9.842531103602500883e-09 9.842531103602499229e-09 -3.696340488459324398e-09
-7.034544064417301511e-09 -7.034544064417296548e-09 2.763225440235505904e-09
6.427358454780014072e-09 6.427358454780002492e-09 -1.449261245172594214e-09
-5.770943756721839524e-09 -5.770943756721832079e-09 2.202106576699728052e-09
7.815281550342843617e-09 7.815281550342822110e-09 -1.977441173890310439e-09
-7.876551745639732673e-09 -7.876551745639731019e-09 2.894671106354513789e-09
1.029531830820183435e-08 1.029531830820179795e-08 -2.585349174700362215e-09
-1.142676282943676480e-08 -1.142676282943676149e-08 3.594762453591853612e-09
