-3.548330429806576160e-09 -3.548330429806569543e-09 -1.394220412139307374e-09
1.023265957675101891e-08 1.023265957675101394e-08 4.277962461914105635e-09
-1.338649933575135346e-08 -1.338649933575135346e-08 -3.725502873264211626e-09
-5.254893793793009035e-08 -2.272531862110890707e-09 -9.064375941436808784e-09
-3.888374551754251150e-08 -6.641907976250166084e-11 -8.830266815488051376e-09
2.025982648685500493e-08 5.649027230566458814e-10 2.418289479161444920e-09
-1.030341353453291863e-08 1.021638915832749467e-08 -3.531157365430690800e-09
-9.482465729886377680e-09 8.927983618614230950e-09 -3.837796500369685052e-09
3.277035614349776580e-09 -3.790959370580941965e-09 1.880732085806432090e-09
-2.272531862110873750e-09 -5.254893793793013006e-08 -9.064375941436802167e-09
-6.641907976255090394e-11 -3.888374551754243871e-08 -8.830266815487960386e-09
5.649027230566139315e-10 2.025982648685516706e-08 2.418289479161474699e-09
-2.000711266435656999e-05 -2.000711266435656660e-05 -1.780177837041298877e-06
-7.983769576745456233e-04 -7.983769576745459486e-04 -5.607413598373639567e-05
-1.638078120458759347e-05 -1.638078120458760024e-05 1.423519805840360785e-05
3.815535603981586091e-10 -5.342210680402480393e-08 1.703544118838962843e-08
2.221888599642417715e-09 -2.810500675614245517e-08 8.504666851046462456e-09
2.895899560413226350e-09 5.838582214173404326e-08 -1.085946100085716380e-08
1.021638915832752610e-08 -1.030341353453293021e-08 -3.531157365430709825e-09
8.927983618614216061e-09 -9.482465729886347902e-09 -3.837796500369673471e-09
-3.790959370580927076e-09 3.277035614349745147e-09 1.880732085806412652e-09
-5.342210680402476422e-08 3.815535603981207656e-10 1.703544118838963836e-08
-2.810500675614242208e-08 2.221888599642437981e-09 8.504666851046634510e-09
5.838582214173393076e-08 2.895899560413296246e-09 -1.085946100085721839e-08
-1.317826944797535598e-08 -1.317826944797534440e-08 6.475174078122408849e-09
6.427358454780014072e-09 6.427358454780002492e-09 -1.449261245172594214e-09
-1.142676282943676480e-08 -1.142676282943676149e-08 3.594762453591853612e-09
