2.038444972440587646e-08 2.038444972440598234e-08 -5.331156993105603758e-09
-1.353660160272067093e-08 -1.353660160272067093e-08 -1.488176625279789069e-10
-1.515697982775305204e-10 -1.515697982774724627e-10 -8.683695648464651833e-09
7.584048905287342102e-08 8.725368523135829185e-08 6.151495784565516358e-08
2.930412006756428855e-09 2.189880126409514449e-08 4.424596465082425728e-10
-1.018884339544057433e-07 -5.189071672590282597e-07 -3.975863632072859399e-09
3.982831627023236307e-09 2.989987057363645587e-09 -1.816149928964355530e-10
1.108389034658780799e-08 -2.226143948589749312e-08 2.350503716699503992e-10
-2.144436664824445992e-08 2.510800879043965003e-08 -2.673622577911042250e-09
8.725368523135822567e-08 7.584048905287360630e-08 6.151495784565558710e-08
2.189880126409513788e-08 2.930412006756406934e-09 4.424596465083163987e-10
-5.189071672590284715e-07 -1.018884339544055448e-07 -3.975863632072611245e-09
-4.588180760010939138e-08 -4.588180760010951711e-08 -3.309680077807994988e-07
5.029636001438596761e-06 5.029636001438595067e-06 1.149307398372852148e-06
5.165450069561216383e-08 5.165450069561193884e-08 4.022274857808266335e-07
-5.870667976917424829e-07 -1.128774113165480254e-07 -5.373139986306976710e-08
8.358461771777494264e-08 -6.104104518178357540e-09 2.593032179029455216e-09
3.236187248123837533e-07 1.022720246011595306e-07 1.293012333084715049e-07
2.989987057363657581e-09 3.982831627023199084e-09 -1.816149928964558964e-10
-2.226143948589751297e-08 1.108389034658779475e-08 2.350503716699594982e-10
2.510800879043971620e-08 -2.144436664824441029e-08 -2.673622577910978971e-09
-1.128774113165469666e-07 -5.870667976917424829e-07 -5.373139986307063399e-08
-6.104104518178347614e-09 8.358461771777490294e-08 2.593032179029512291e-09
1.022720246011595174e-07 3.236187248123823768e-07 1.293012333084711872e-07
5.409967148183137576e-08 5.409967148183154782e-08 3.348271962998264964e-08
-4.874557552426378872e-08 -4.874557552426370269e-08 8.257424685023414477e-10
-5.188900599441756738e-08 -5.188900599441764017e-08 -6.693073315702646824e-09
